0
3
3
4
4
4
5
4
4
4
4
4
5
5
5
5
5
4
5
5
5
6
6
6
5
5
4
6
7
5
5
5
5
5
6
6
5
5
5
5
5
5
6
7
5
6
6
5
6
6
5
5
7
7
5
6
7
5
7
7
6
7
7
6
6
7
5
8
7
6
6
5
7
6
6
6
6
6
6
6
6
6
7
6
6
7
7
6
6
7
6
7
7
6
7
6
7
5
6
6
6
7
6
7
7
7
7
6
7
6
8
6
7
7
9
6
8
8
7
7
7
8
8
8
8
8
7
8
6
7
8
7
6
7
7
7
8
8
9
12
8
7
9
8
8
8
9
8
9
7
8
8
9
8
8
10
8
8
8
9
10
7
10
10
9
10
8
9
9
12
11
9
8
9
8
9
10
9
13
11
13
13
10
14
10
12
11
10
11
10
11
10
9
10
9
10
12
12
11
10
10
10
14
12
10
13
13
11
13
11
11
11
12
12
12
13
12
14
13
11
11
13
11
11
12
12
13
14
14
10
12
12
12
12
13
16
13
12
16
15
14
15
15
15
13
14
16
18
13
16
16
14
15
15
15
15
15
16
13
16
15
15
14
14
15
15
14
14
14
17
19
18
15
15
15
15
15
17
23
16
18
22
22
19
17
18
20
19
18
20
18
18
19
19
20
19
21
17
19
17
19
19
27
20
20
19
20
20
20
21
22
21
20
21
20
21
20
27
21
20
21
20
19
20
21
21
23
22
20
19
20
21
22
23
22
19
22
20
20
21
21
20
20
22
23
22
21
22
23
23
20
23
24
20
23
20
21
20
21
24
23
25
28
21
23
22
27
22
22
24
24
22
26
24
23
24
24
24
23
27
24
22
24
23
23
25
23
25
26
26
26
25
25
25
26
28
26
23
25
27
27
27
24
27
25
27
25
27
26
26
28
27
27
26
26
28
28
27
28
28
27
26
28
27
27
27
27
30
30
28
30
33
30
35
30
29
33
30
32
31
32
28
32
29
31
29
31
28
34
31
30
31
29
33
33
30
31
32
32
31
30
34
33
34
37
31
31
34
32
40
32
32
32
34
34
31
33
36
32
33
33
37
34
34
34
33
35
31
34
33
35
38
33
36
35
34
35
36
36
35
34
35
35
35
34
35
34
35
39
34
37
43
34
39
37
36
35
37
33
35
34
37
35
35
39
34
40
36
38
35
36
37
39
40
35
34
39
36
37
37
37
35
38
36
35
36
35
38
34
37
37
36
35
38
36
38
35
36
37
35
36
38
36
36
35
37
35
36
41
36
38
35
38
37
40
37
36
36
38
38
35
38
39
40
41
38
37
39
38
37
37
37
36
35
38
37
39
38
36
39
36
38
38
36
35
40
39
43
42
38
38
40
39
39
37
35
38
37
42
39
39
35
39
38
40
38
40
38
38
37
37
36
37
37
40
38
38
37
39
36
36
40
39
38
37
37
35
39
41
36
35
36
39
37
38
39
38
39
39
37
39
38
37
38
37
36
36
40
40
45
40
38
39
38
40
35
42
36
40
37
37
40
39
45
39
45
39
39
36
43
39
37
39
35
37
40
42
41
41
38
41
37
39
38
37
39
42
39
39
42
37
47
41
38
38
39
38
39
38
39
39
39
42
41
39
37
38
40
39
36
34
40
40
44
39
41
38
35
39
38
36
38
38
39
37
37
40
37
38
41
41
38
38
40
42
37
39
38
38
37
42
39
41
39
36
38
40
35
39
38
38
40
40
38
38
39
37
40
37
39
38
36
38
40
41
36
43
38
42
40
40
39
37
43
36
38
39
38
39
39
38
